                             1
                             2
                             4
                            12
                            24
                            52
                           144
                           332
                          1104
                          2212
                          4424
                         13252
                         30544
                        101532
                        203504
                        411412
                       1223224
                       2450452
                       5341344
                      15123132
                      34250304
                     112541012
                     225522024
                     455444052
                    1355332144
                    3155104332
                   10354213104
                   21152430212
                   42345300424
                  125135001252
                  254314002544
                  553032005532
                 1550104015504
                 3540212035412
                11520424115224
                23441252234452
                51322544513344
               143045533431132
               330135511302304
              1100315423005012
              2201035250014024
              4402114540032052
             13204233520104144
             30412511440212332
            101225423320425104
            202455251041254212
            405354542122552424
           1215153524245545252
           2434351452535534544
           5313143345515513532
          15030331135435431504
          34101102315315303412
         112202205035035011224
         224404414114114022452
         453213232232232045344
        1350430504504504135132
        3141301413413412314304
       10323003231231225033012
       21050010502502454110024
       42140021405405352220052
      124320043215215144440144
      253040130434434333320332
      550120301313313111041104
    -1540241003031030222122212

